214
XP_006885712.1 0.0000000 0.1742295 0.3329254 0.3751675 0.3315356 0.3163025 0.2938264 0.3487857 0.3150932 0.3042568 0.3283979 0.3601796 0.3525497 0.3411535 0.3265943 0.3085640 0.3042656 0.3054831 0.3047570 0.3077038 0.3160815 0.3039185 0.3096683 0.3012471 0.3123672 0.3592687 0.3386962 0.3343618 0.3073229 0.3080944 0.3118698 0.2989586 0.2996455 0.3125491 0.2954215 0.2902192 0.3307381 0.3037371 0.3124699 0.3169563 0.3190242 0.3413403 0.3198206 0.2896265 0.3120833 0.2934102 0.3021088 0.3023243 0.2951680 0.2852956 0.2847281 0.2941183 1.1620032 1.4594243 1.1978719 1.1645814 1.1832173 1.2504483 1.2431433 1.2070171 1.1825983 1.3107727 1.2748029 1.2924225 1.3314184 1.3276327 1.2502703 1.2586060 1.2831434 1.2550980 1.2933533 1.3566159 1.2376790 1.2118986 1.3979733 1.4454286 1.4065885 1.4175819 1.2976957 1.2803907 1.4021679 1.3218008 1.7058294 1.3091051 1.3607871 1.2798304 1.0680741 0.9938939 0.8367412 0.8927639 0.8824928 0.8720951 1.0592440 1.0127388 0.9424288 1.0957028 0.9530023 0.9147112 0.9824254 0.9633599 0.9713813 0.9581597 0.9499024 0.9995808 0.9568703 0.9306766 0.9186688 1.0455846 0.9837395 1.3081439 1.1610443 1.1788478 0.9033793 0.8751161 0.9947397 0.9101885 1.0189739 0.9283323 0.9601467 0.9102015 0.9480170 0.9407297 0.9344828 0.9289856 0.9290952 0.8493675 1.4504207 0.9203734 0.9012664 1.0108379 1.0025631 0.9828143 0.8780011 0.9266876 0.9798122 0.9939642 0.9005191 0.8411015 0.9159176 0.6842643 0.8815231 0.6568677 0.8691309 0.9963952 0.9839751 0.9421067 0.9368866 0.8684393 0.8710053 0.9067885 0.9017851 0.8969947 0.8967157 0.7151336 0.7263234 0.7311039 0.7301913 0.7148736 0.7279063 0.7583544 0.7372241 0.7214261 0.7154974 0.9224957 0.8170805 0.7358615 0.8470688 0.8368446 0.7792347 0.7819233 0.7562653 0.7783607 0.7926851 0.7501628 0.7513516 0.7576315 0.7665250 0.7748821 0.7889722 0.7922150 0.7847783 0.8124499 0.7676711 0.8020722 0.7124016 0.7758034 0.7685108 1.1397601 1.1046649 1.1736602 1.1009483 0.9968414 0.8762270 1.1899485 1.1547636 1.0333886 1.0183432 1.0184334 1.0415655 1.0267541 1.0644757 1.0743964 0.8702626 0.9035635 0.8703268 0.8623251 0.8717058 0.8605587 0.8585079 0.8681099 0.8793202 0.8544623 0.8438618 0.8507548 
XP_004389133.1 0.1742295 0.0000000 0.2767519 0.3040787 0.2640535 0.2608085 0.2373707 0.2757966 0.2572642 0.2470269 0.2670143 0.2938870 0.2650216 0.2659922 0.2428848 0.2357590 0.2294705 0.2280039 0.2298261 0.2310939 0.2486808 0.2376658 0.2377253 0.2298725 0.2162610 0.2926672 0.2653247 0.2724622 0.2366611 0.2408597 0.2383059 0.2332676 0.2362529 0.2410726 0.2275767 0.2198792 0.2770438 0.2254906 0.2421302 0.2515485 0.2652995 0.2675126 0.2359461 0.2133736 0.2362342 0.2238227 0.2289934 0.2319600 0.2264906 0.2167922 0.2190719 0.2276078 1.1158985 1.4223072 1.1596274 1.1176202 1.1327580 1.2256508 1.2047752 1.1797697 1.1590266 1.3581990 1.2693785 1.2975336 1.3488847 1.3558571 1.2588926 1.2732232 1.3277157 1.2739515 1.2928754 1.3542852 1.2566142 1.2022627 1.3789249 1.3667548 1.3989142 1.4078839 1.3159907 1.2725745 1.3573936 1.2919751 1.6865016 1.2341938 1.3129763 1.2272277 1.0109403 0.9587109 0.6805613 0.7339758 0.7169419 0.7078143 0.9283509 0.8807325 0.8208513 1.0220455 0.8758554 0.8117962 0.8777541 0.8496858 0.8708538 0.8444922 0.8368351 0.8968212 0.8594548 0.8328686 0.8159523 0.9442324 0.8746757 1.1785049 1.0850903 1.0370731 0.8121789 0.8096165 0.9416034 0.8580674 0.8812340 0.8229508 0.8762639 0.8399597 0.8541952 0.8661228 0.8338687 0.8283191 0.8573369 0.7816717 1.2833257 0.8321579 0.8031522 0.8943719 0.9131429 0.8794131 0.7666017 0.8046577 0.8711822 0.8910321 0.7924640 0.7268769 0.8331238 0.5899737 0.7976271 0.6265479 0.8156829 0.9504359 0.9292383 0.9019991 0.9139492 0.8188807 0.8231139 0.8565065 0.8273131 0.7913439 0.7853558 0.6646128 0.6565590 0.6632226 0.6623891 0.6405214 0.6525976 0.6944293 0.6927034 0.6673267 0.6719610 0.8937027 0.7561276 0.6569137 0.7702890 0.7556974 0.7146414 0.7108969 0.6878645 0.7034203 0.7319896 0.7024715 0.6969260 0.6940296 0.6780343 0.6762166 0.6900261 0.6965225 0.6848639 0.7170649 0.6794601 0.7154257 0.6517452 0.6796366 0.6906183 1.1144428 1.0650332 1.1388196 1.0759779 0.8984436 0.7875984 1.1157113 1.0725415 0.9889623 0.9496003 0.9616551 0.9851074 0.9505418 0.9979953 1.0059145 0.8038616 0.8421316 0.8240514 0.8223702 0.8318864 0.8278834 0.8259666 0.8357110 0.8366085 0.8198488 0.8106281 0.8180428 
XP_015333034.1 0.3329254 0.2767519 0.0000000 0.2445305 0.2160349 0.2077265 0.1962417 0.2298214 0.2153515 0.2228324 0.2262206 0.2644348 0.2986349 0.2602797 0.2396929 0.2332593 0.2303495 0.2306391 0.2282251 0.2294792 0.2345481 0.2289691 0.2275282 0.2319421 0.2444196 0.2750616 0.2554372 0.2718595 0.2636659 0.2550250 0.2585423 0.2231574 0.2261030 0.2332974 0.2250985 0.2327010 0.2778263 0.2121978 0.2095391 0.2249327 0.2355555 0.2454799 0.2487697 0.2285336 0.2373311 0.2293372 0.2296803 0.2301637 0.2175152 0.2210857 0.2167434 0.2278429 1.2094367 1.5502170 1.2450254 1.2067053 1.2315630 1.3145548 1.2850166 1.2376928 1.2187932 1.3047692 1.2664283 1.2563411 1.2829642 1.2800612 1.2309109 1.2454215 1.2895364 1.2190111 1.2389567 1.4155624 1.2160847 1.2073311 1.3005520 1.3787514 1.3617015 1.3722248 1.4092554 1.2765211 1.3433477 1.3001599 1.6377426 1.2733413 1.3228764 1.2548445 1.0404125 0.9962053 0.8662709 0.8506723 0.8658455 0.8556050 0.9939859 0.9829299 0.9651017 1.0633877 0.9019920 0.8855294 0.8945075 0.8773226 0.8837416 0.8726087 0.8687886 0.9021566 0.8698317 0.8664580 0.8512862 1.0676981 0.9280198 1.1989980 1.0985359 1.1567200 0.8637374 0.8314704 0.9309566 0.9160215 0.9624604 0.8732023 0.9307564 0.9384301 0.8884860 0.8696548 0.8678450 0.8631978 0.9240199 0.8544588 1.3334965 0.8824006 0.8584288 1.0294893 0.9396076 0.9174479 0.8801097 0.8846191 0.9568681 0.9682886 0.8900901 0.7887947 0.8460211 0.7452639 0.8431634 0.5250005 0.8107180 0.9422477 0.9279203 0.9019387 0.8935970 0.8738012 0.8865953 0.9184655 0.8455037 0.8427783 0.8066954 0.6800585 0.7227744 0.7285918 0.7172353 0.6975828 0.7088112 0.7631269 0.7527606 0.7276895 0.7325218 0.8415595 0.7604168 0.7132081 0.7624417 0.7462773 0.7405885 0.7397936 0.6958523 0.7227471 0.7265071 0.7007576 0.7226428 0.7219160 0.7173858 0.6889033 0.7226508 0.7311236 0.7121844 0.7393898 0.6854466 0.7047874 0.6814899 0.7233512 0.6888359 0.9972307 0.9685879 1.0412032 0.9591723 0.9274198 0.8444058 1.0844464 1.0422485 0.9244428 0.9221825 0.9106582 0.9509311 0.9193771 0.9567529 0.9654935 0.7690039 0.8573050 0.8288406 0.8387146 0.8541618 0.8433170 0.8388774 0.8385353 0.8470239 0.8329191 0.8250358 0.8241732 
XP_045001895.1 0.3751675 0.3040787 0.2445305 0.0000000 0.1983913 0.1837931 0.1665107 0.2071517 0.1910837 0.1921718 0.2613793 0.3135972 0.3168949 0.2793879 0.2680787 0.2435961 0.2398119 0.2411277 0.2448365 0.2461756 0.2448361 0.2421329 0.2451751 0.2478183 0.2746318 0.2813834 0.2665607 0.2826795 0.2772069 0.2684640 0.2775163 0.2643959 0.2675115 0.2595268 0.2491440 0.2615286 0.2810601 0.2547890 0.2748204 0.2713201 0.2841945 0.2935444 0.2767084 0.2649813 0.2855016 0.2703474 0.2738277 0.2765250 0.2629479 0.2670757 0.2667809 0.2759754 1.1747668 1.6401865 1.1927684 1.1595120 1.1928744 1.3037747 1.2735602 1.2315506 1.2155401 1.3138502 1.3264729 1.3366949 1.3583775 1.3127275 1.2993740 1.3014506 1.3259137 1.2218330 1.2961937 1.3883232 1.2979304 1.2551908 1.3534552 1.3863802 1.4235276 1.4255275 1.4444426 1.3075626 1.4138669 1.3078550 1.6442004 1.3266008 1.3553393 1.2873831 1.0790125 0.9371151 0.8148670 0.8303006 0.8655718 0.8553506 0.9742947 0.9299009 0.8910864 1.0372869 0.8584056 0.9005803 0.9112515 0.8948679 0.8989398 0.8919116 0.8829938 0.9186028 0.9019167 0.8815802 0.8521634 1.0280007 0.9046389 1.2229423 1.1149481 1.1667020 0.9158985 0.9154745 0.9909813 0.9303552 0.9265170 0.8794124 0.9372575 0.9449176 0.9146300 0.8588896 0.8584842 0.8437912 0.9031373 0.8433885 1.2230638 0.8455404 0.8230996 0.9926324 0.9230783 0.9207142 0.8603650 0.8740470 0.9698802 0.9632223 0.9032532 0.8194539 0.8478973 0.7133254 0.8411691 0.5463301 0.8571433 0.9958617 0.9636476 0.9436387 0.9448453 0.8985376 0.9267277 0.9592392 0.8410928 0.8465975 0.8341872 0.6881623 0.7323728 0.7354853 0.7279983 0.7099502 0.7195471 0.7529607 0.7475842 0.7345836 0.7392500 0.8537058 0.7601248 0.6947200 0.7993658 0.7844783 0.7381313 0.7367454 0.7185227 0.7660701 0.7594935 0.7077623 0.7117315 0.7032433 0.7047734 0.7033109 0.7202512 0.7260231 0.7178322 0.7433682 0.7010917 0.7112492 0.7233877 0.7368477 0.7316350 1.0602616 1.0283901 1.1031700 1.0499434 1.0157244 0.8622019 1.1131044 1.0528344 0.9988390 0.9627955 0.9410400 0.9771441 0.9661769 1.0071879 1.0256443 0.7994117 0.8905708 0.8390869 0.8465038 0.8657260 0.8601958 0.8557387 0.8473450 0.8584303 0.8437748 0.8358219 0.8376898 
XP_026633365.1 0.3315356 0.2640535 0.2160349 0.1983913 0.0000000 0.0359839 0.0975210 0.1385762 0.1371439 0.1157473 0.2250382 0.2859779 0.2873207 0.2737910 0.2481814 0.2349298 0.2314697 0.2317613 0.2296753 0.2323804 0.2433028 0.2261830 0.2295990 0.2288702 0.2363302 0.2856345 0.2573406 0.2852727 0.2605689 0.2516732 0.2581382 0.2512042 0.2542577 0.2490158 0.2330388 0.2400811 0.2598077 0.2201763 0.2450208 0.2497900 0.2601658 0.2669716 0.2556755 0.2354189 0.2597685 0.2358331 0.2527030 0.2499824 0.2365766 0.2334662 0.2368231 0.2444188 1.2004176 1.5160120 1.1757700 1.1548271 1.1635862 1.2655154 1.2584688 1.1741709 1.1861464 1.3244535 1.2828571 1.2828511 1.3088617 1.3033029 1.2537839 1.2397303 1.3314695 1.2283426 1.2415823 1.3901416 1.2386205 1.2093507 1.3607579 1.4270584 1.4360755 1.4473215 1.5059978 1.2956571 1.4326245 1.3768388 1.6777014 1.3057122 1.3369237 1.3033291 1.0442877 0.9834744 0.8475794 0.8040436 0.8425281 0.8324294 1.0253322 0.9267127 0.9294849 1.0337925 0.8721673 0.8981731 0.9275808 0.8992220 0.9051869 0.8952687 0.8888983 0.9397090 0.9147020 0.8850688 0.8595692 1.0513578 0.9115769 1.1644912 1.1032504 1.1351162 0.8734030 0.8453704 0.9764854 0.9106770 0.9069334 0.8369651 0.9064697 0.9459772 0.8999428 0.8784392 0.8851692 0.8821726 0.9290935 0.8449860 1.2629637 0.8728754 0.8509130 1.0360964 0.9334541 0.9422126 0.8761846 0.8638710 0.9706020 0.9559833 0.8834648 0.7729414 0.8506373 0.7231435 0.8461249 0.4955345 0.8294964 0.9768451 0.9495218 0.9139818 0.9226270 0.8831950 0.9246961 0.9584834 0.8504754 0.8360997 0.8394759 0.6920872 0.7191155 0.7215182 0.7140647 0.6960714 0.7056020 0.7368550 0.7405287 0.7153527 0.7224016 0.8614090 0.7601632 0.6861557 0.8088962 0.7958362 0.7661579 0.7705419 0.7369565 0.7549830 0.7319305 0.7303348 0.7418944 0.7376851 0.7263682 0.7146603 0.7448535 0.7581820 0.7320703 0.7338761 0.6949249 0.6974212 0.7087953 0.7317627 0.7158080 1.0706257 1.0443963 1.1020285 1.0228604 0.9841931 0.8023580 1.1529349 1.1025497 0.9814485 0.9758531 0.9351122 0.9796596 0.9810109 1.0169066 1.0263607 0.8076754 0.8911198 0.8403461 0.8549503 0.8580249 0.8666058 0.8620824 0.8707003 0.8734182 0.8671632 0.8601499 0.8586533 
XP_038181425.1 0.3163025 0.2608085 0.2077265 0.1837931 0.0359839 0.0000000 0.0861767 0.1373413 0.1285894 0.1122698 0.2210460 0.2741832 0.2946579 0.2713410 0.2472338 0.2318710 0.2284024 0.2286919 0.2265915 0.2293078 0.2401882 0.2261325 0.2289636 0.2282324 0.2281970 0.2700559 0.2428167 0.2742009 0.2568355 0.2471815 0.2535853 0.2422388 0.2452576 0.2353964 0.2242803 0.2279675 0.2646541 0.2188097 0.2444595 0.2441636 0.2487329 0.2646069 0.2477614 0.2283079 0.2547881 0.2309139 0.2455335 0.2428187 0.2221007 0.2223487 0.2256709 0.2331240 1.2048720 1.5065525 1.1949941 1.1591414 1.1818145 1.2855742 1.2698252 1.1799111 1.2022713 1.3189322 1.2779813 1.2795403 1.2944156 1.2971817 1.2591579 1.2365779 1.3275264 1.2267876 1.2431232 1.3882471 1.2343184 1.2097450 1.3577344 1.4239202 1.4301610 1.4413173 1.4710561 1.2927226 1.4204775 1.3662884 1.6962367 1.2984047 1.3293928 1.2965208 1.0247896 0.9916981 0.8668429 0.8168500 0.8555689 0.8454039 1.0097266 0.9190396 0.9304779 1.0145156 0.8688563 0.9096363 0.9355283 0.9070594 0.9173648 0.9031340 0.8967414 0.9452107 0.9209584 0.8922556 0.8693477 1.0556707 0.9263938 1.1784091 1.1129579 1.1683040 0.8831341 0.8558221 0.9852398 0.9228844 0.9291171 0.8614615 0.9242834 0.9550470 0.9012994 0.8799849 0.8705725 0.8673075 0.9160074 0.8346986 1.2358262 0.8624432 0.8466195 1.0242465 0.9299802 0.9298744 0.8835765 0.8804937 0.9746650 0.9601113 0.8893193 0.7900819 0.8564868 0.7311510 0.8668025 0.5086814 0.8173653 0.9666311 0.9377816 0.9039508 0.9125302 0.8674879 0.8956563 0.9406474 0.8620577 0.8376733 0.8289544 0.6765954 0.7175188 0.7199061 0.7124990 0.6946143 0.7040834 0.7513453 0.7511212 0.7234803 0.7266715 0.8632987 0.7582370 0.6819851 0.7987144 0.7759338 0.7573117 0.7616609 0.7275796 0.7476170 0.7249725 0.7200448 0.7355869 0.7287930 0.7250839 0.7094194 0.7391032 0.7493497 0.7295497 0.7310250 0.6885456 0.6876697 0.7059506 0.7307355 0.7063391 1.0465398 1.0115066 1.0641477 0.9913311 0.9972093 0.8340852 1.1546883 1.1042690 0.9698842 0.9670216 0.9401889 0.9700299 0.9703131 1.0049349 1.0142404 0.8057764 0.8906257 0.8294591 0.8460787 0.8594375 0.8536498 0.8491605 0.8575876 0.8604222 0.8546526 0.8477301 0.8462312 
XP_006979085.1 0.2938264 0.2373707 0.1962417 0.1665107 0.0975210 0.0861767 0.0000000 0.1075641 0.0959539 0.0798378 0.2197921 0.2668590 0.2796047 0.2428427 0.2271617 0.2014396 0.1955072 0.2009649 0.1988960 0.1963065 0.2097838 0.2018013 0.1988192 0.1930675 0.1984162 0.2479019 0.2286500 0.2433199 0.2226688 0.2169604 0.2207532 0.2079462 0.2053096 0.2060944 0.1918012 0.1976727 0.2430168 0.2078394 0.2158536 0.2290179 0.2286179 0.2332710 0.2246913 0.2156425 0.2304519 0.2069665 0.2224311 0.2235234 0.2018962 0.2088886 0.2047255 0.2118529 1.1826796 1.5096916 1.1688861 1.1344520 1.1740683 1.2489350 1.2440493 1.1811244 1.1725792 1.2604318 1.2480528 1.2632981 1.2843525 1.2812882 1.2237305 1.2140092 1.2731491 1.1916827 1.2336525 1.3405835 1.2160358 1.1647801 1.3283501 1.3865226 1.3995542 1.4104360 1.4027238 1.2505048 1.3785671 1.3119585 1.6139134 1.2521978 1.3015318 1.2535573 1.0153711 0.9502632 0.8222764 0.8094417 0.8481711 0.8380049 0.9920086 0.9207422 0.8632895 1.0192560 0.8634668 0.8687494 0.8853627 0.8561384 0.8606723 0.8505644 0.8443764 0.9053256 0.8705248 0.8505806 0.8245012 0.9940921 0.8747823 1.1848254 1.0678106 1.0505025 0.8675285 0.8653120 0.9549442 0.9064158 0.9270652 0.8251195 0.8982838 0.9016489 0.8935333 0.8514910 0.8478901 0.8352392 0.9079350 0.8376795 1.2779167 0.8442186 0.8328943 0.9986069 0.9154656 0.9201561 0.8356780 0.8622159 0.9182187 0.9269814 0.8505223 0.7472681 0.8407434 0.6727567 0.8147339 0.4913208 0.8016217 0.9304853 0.9013243 0.8798388 0.8839896 0.8206660 0.8556229 0.8911561 0.8005984 0.7953462 0.7970104 0.6538504 0.6870985 0.6900624 0.6828665 0.6654461 0.6745894 0.7209070 0.7190062 0.7029259 0.7094281 0.8397550 0.7304550 0.6580530 0.7546205 0.7356842 0.7298169 0.7300102 0.6824002 0.7180363 0.7103549 0.6814750 0.6849414 0.6832103 0.6751683 0.6578525 0.6902804 0.6939386 0.6802632 0.7142003 0.6655778 0.6712361 0.6720455 0.7023313 0.6979875 1.0312035 0.9947244 1.0857268 0.9776162 0.9402751 0.7573656 1.0969850 1.0507988 0.9557155 0.9385791 0.9201975 0.9458882 0.9447797 0.9939504 1.0032331 0.7482617 0.8404332 0.7999424 0.8039991 0.8186093 0.8155448 0.8111320 0.8133618 0.8146954 0.8130186 0.8063863 0.8048704 
NP_001013637.1 0.3487857 0.2757966 0.2298214 0.2071517 0.1385762 0.1373413 0.1075641 0.0000000 0.0702517 0.0660414 0.2454068 0.2826233 0.3082836 0.2712026 0.2553797 0.2432385 0.2369470 0.2347476 0.2351671 0.2378746 0.2368535 0.2320727 0.2373098 0.2342320 0.2478248 0.2970937 0.2766238 0.2909817 0.2723818 0.2614732 0.2689310 0.2565788 0.2596257 0.2614260 0.2457458 0.2534382 0.2786005 0.2316812 0.2520283 0.2463239 0.2641638 0.2587751 0.2574189 0.2364222 0.2565509 0.2425947 0.2559284 0.2571674 0.2304073 0.2327457 0.2346125 0.2421528 1.2073411 1.5153127 1.1924794 1.1789350 1.1796637 1.2752979 1.2605956 1.1940287 1.2071533 1.2742726 1.2801829 1.2835058 1.2860768 1.2990758 1.2444298 1.2512151 1.3090437 1.2274335 1.2519177 1.3806036 1.2437494 1.1920293 1.3552814 1.3707118 1.4300845 1.4411936 1.4462668 1.2977974 1.4582001 1.3549259 1.6777033 1.2968339 1.3419698 1.3064732 1.0222052 0.9766977 0.8491288 0.8301140 0.8692787 0.8589895 1.0075690 0.9101044 0.8997500 0.9965452 0.8620056 0.8934698 0.8912214 0.8606313 0.8696958 0.8630269 0.8517805 0.8976520 0.8724801 0.8574767 0.8326857 1.0352704 0.8921489 1.2159547 1.0920898 1.1411324 0.8567104 0.8637208 0.9696771 0.9414008 0.9292350 0.8305241 0.8910763 0.9223951 0.8704280 0.8687040 0.8548581 0.8408477 0.9211326 0.8366417 1.2751389 0.8663223 0.8522276 0.9741034 0.9345301 0.9287342 0.8772839 0.8895693 0.9231705 0.9312906 0.8667750 0.7731105 0.8494690 0.7021922 0.8101406 0.5502842 0.8324369 0.9534310 0.9207188 0.8890322 0.8995629 0.8429781 0.8631434 0.8965092 0.8372527 0.7884372 0.7938780 0.6714296 0.7067699 0.7098048 0.7024683 0.6892122 0.6979690 0.7415702 0.7393426 0.7130841 0.7178633 0.8478288 0.7638231 0.6698061 0.7684997 0.7553067 0.7345256 0.7317837 0.6935024 0.7286884 0.7260861 0.7005187 0.7155869 0.7093239 0.7086227 0.6758363 0.7193241 0.7204396 0.6961534 0.7286620 0.7075959 0.6952949 0.6685394 0.7170143 0.7096752 1.0568666 1.0457822 1.1131460 1.0197324 0.9649432 0.7924971 1.1043614 1.0626044 0.9955435 0.9765499 0.9412998 0.9639459 0.9461211 1.0075970 1.0169627 0.7652728 0.8694996 0.8128615 0.8287507 0.8427861 0.8395348 0.8350824 0.8464144 0.8486051 0.8491819 0.8423343 0.8408419 
XP_034362082.1 0.3150932 0.2572642 0.2153515 0.1910837 0.1371439 0.1285894 0.0959539 0.0702517 0.0000000 0.0481340 0.2313010 0.2628523 0.2900034 0.2579463 0.2439142 0.2238006 0.2176265 0.2207968 0.2211968 0.2238863 0.2287302 0.2245990 0.2275430 0.2252760 0.2432342 0.2827109 0.2607161 0.2849755 0.2648908 0.2554283 0.2627130 0.2460826 0.2490986 0.2302202 0.2277076 0.2338585 0.2698165 0.2270953 0.2373586 0.2365715 0.2327686 0.2500334 0.2554240 0.2227184 0.2397230 0.2249091 0.2395480 0.2395697 0.2129306 0.2162393 0.2171194 0.2244959 1.1911457 1.5766726 1.2238259 1.1998953 1.2165936 1.2926460 1.2822326 1.2495196 1.2297861 1.2993839 1.2975717 1.3040621 1.2978680 1.3295850 1.2602362 1.2736969 1.3340343 1.2447836 1.2747058 1.3770908 1.2550779 1.2018525 1.3479217 1.3795091 1.4310771 1.4421720 1.3870297 1.2973480 1.4281129 1.3372068 1.6677447 1.3108072 1.3401489 1.2925578 1.0276802 0.9615938 0.8726331 0.8479602 0.8876633 0.8772243 1.0316591 0.9441230 0.9167461 0.9822251 0.8612154 0.8952858 0.8931772 0.8578437 0.8684822 0.8672190 0.8488592 0.9078134 0.8821227 0.8724902 0.8473195 1.0419925 0.9033603 1.2186958 1.0705402 1.1128803 0.8542676 0.8454110 1.0016036 0.9508152 0.9433510 0.8471654 0.9083548 0.9330653 0.8834883 0.8788367 0.8644288 0.8516803 0.9265569 0.8375711 1.2924336 0.8601235 0.8446531 0.9926133 0.9213495 0.9131025 0.8666988 0.8962244 0.9503464 0.9504885 0.8941908 0.8002689 0.8288641 0.7037123 0.8117166 0.5021208 0.8364601 0.9702627 0.9354769 0.9100781 0.9122788 0.8387936 0.8685354 0.9099457 0.8191169 0.8058544 0.8177318 0.6867971 0.7243823 0.7274784 0.7200200 0.7050554 0.7154755 0.7596533 0.7551665 0.7307548 0.7355925 0.8718508 0.7502945 0.6942521 0.7502006 0.7409860 0.7306052 0.7268362 0.6885359 0.7201979 0.7153864 0.7137294 0.7062882 0.6986462 0.6990806 0.6685551 0.7123882 0.7121082 0.6894873 0.7351773 0.6886381 0.6768165 0.6723600 0.7048247 0.7055308 1.0404845 1.0226618 1.0888992 0.9956103 0.9733163 0.8236060 1.0731280 1.0435963 0.9718248 0.9572084 0.9325493 0.9684608 0.9645109 1.0070916 1.0164023 0.7585036 0.8741135 0.8183126 0.8249941 0.8396209 0.8363752 0.8319351 0.8533148 0.8512354 0.8454562 0.8386212 0.8361160 
NP_001163932.1 0.3042568 0.2470269 0.2228324 0.1921718 0.1157473 0.1122698 0.0798378 0.0660414 0.0481340 0.0000000 0.2096646 0.2556173 0.2947547 0.2634284 0.2409779 0.2297006 0.2234931 0.2212881 0.2216881 0.2243736 0.2305070 0.2210772 0.2240130 0.2209783 0.2322976 0.2686561 0.2525442 0.2739613 0.2532812 0.2447789 0.2519691 0.2301283 0.2274089 0.2252672 0.2172649 0.2233525 0.2558245 0.2078028 0.2223888 0.2297662 0.2384461 0.2358008 0.2472182 0.2207035 0.2394155 0.2291145 0.2413056 0.2413271 0.2143340 0.2176346 0.2185142 0.2258870 1.2204293 1.5873648 1.2219332 1.1864950 1.2046087 1.3024997 1.2864911 1.2414033 1.2264917 1.3088303 1.2942079 1.3135972 1.3085939 1.3322076 1.2656156 1.2703762 1.3367910 1.2536979 1.2715983 1.3967404 1.2554050 1.2041902 1.3634822 1.3958118 1.4420741 1.4533199 1.4577161 1.3143557 1.4471724 1.3652984 1.6621838 1.3127670 1.3490318 1.3032843 1.0272131 0.9582857 0.8818016 0.8632054 0.8894674 0.8789519 1.0373062 0.9846970 0.9503354 0.9926398 0.8641850 0.9090406 0.9041494 0.8684330 0.8791766 0.8736908 0.8593903 0.9185305 0.8930071 0.8744373 0.8491338 1.0358746 0.8991200 1.2252519 1.0945216 1.1288824 0.8783825 0.8723205 0.9852417 0.9472375 0.9436393 0.8594715 0.9217732 0.9337833 0.8924142 0.8906837 0.8905669 0.8776477 0.9232598 0.8488430 1.2794963 0.8675789 0.8530128 1.0027655 0.9322560 0.9373014 0.8720720 0.8946269 0.9571747 0.9638748 0.8805882 0.7942380 0.8702114 0.7136951 0.8351628 0.4839325 0.8526079 0.9440338 0.9129679 0.8845117 0.8866374 0.8196985 0.8663323 0.8986490 0.8099547 0.7969083 0.8114424 0.6900486 0.7112391 0.7142988 0.7069093 0.6929146 0.7023849 0.7443310 0.7420845 0.7205354 0.7271398 0.8741019 0.7495393 0.6778531 0.7590372 0.7496583 0.7287181 0.7259907 0.6873351 0.7204623 0.7153789 0.7076143 0.7160406 0.7088393 0.7036540 0.6733013 0.7124105 0.7233612 0.7003609 0.7340914 0.6824950 0.6832268 0.6790364 0.7170484 0.7023590 1.0701411 1.0554134 1.1132478 1.0178614 0.9772200 0.8059304 1.1122802 1.0689513 0.9790439 0.9703930 0.9202385 0.9717700 0.9481606 0.9863555 0.9954787 0.7691393 0.8626542 0.8225086 0.8161739 0.8244099 0.8275141 0.8230828 0.8423816 0.8403231 0.8344950 0.8277215 0.8262177 
NP_001164943.1 0.3283979 0.2670143 0.2262206 0.2613793 0.2250382 0.2210460 0.2197921 0.2454068 0.2313010 0.2096646 0.0000000 0.1632146 0.2962453 0.2559212 0.2212153 0.2185871 0.2128607 0.2155474 0.2110450 0.2136992 0.2312912 0.2239644 0.2170938 0.2171028 0.2286174 0.2750536 0.2660973 0.2513321 0.2395223 0.2348367 0.2346887 0.2397964 0.2427955 0.2378300 0.2308815 0.2331606 0.2713628 0.2183593 0.2264566 0.2297890 0.2349249 0.2418505 0.2449905 0.2185216 0.2248546 0.2168625 0.2253090 0.2265488 0.2029172 0.2075246 0.1990558 0.2025475 1.1116608 1.5543779 1.1425968 1.0811818 1.1188256 1.2524594 1.2418263 1.1775351 1.1506991 1.2985305 1.2531142 1.2420550 1.2774770 1.3062532 1.2322737 1.2448816 1.3129288 1.1821992 1.2023590 1.3302171 1.1630233 1.1017896 1.3491838 1.3882749 1.3273861 1.3376489 1.3850057 1.2766045 1.3636580 1.3094401 1.5586365 1.2274555 1.2541640 1.2553334 0.9392891 0.9187788 0.7431890 0.7535842 0.7800530 0.7705180 0.9650754 0.8369487 0.8411381 1.0106420 0.8499290 0.8565987 0.8773569 0.8568724 0.8628006 0.8521558 0.8431637 0.9107546 0.8659158 0.8408021 0.8240496 0.9998473 0.8691048 1.1521553 1.0615166 1.0874995 0.8412488 0.8241270 0.9162362 0.8296810 0.8939211 0.8075812 0.8617004 0.8565050 0.8403487 0.8159638 0.8272369 0.8185175 0.8739428 0.7867515 1.2295954 0.8169799 0.8032982 0.9453566 0.9076620 0.8790118 0.8069216 0.8581293 0.8981489 0.8938651 0.8367681 0.7104427 0.7826269 0.6418625 0.7829917 0.5288363 0.7748997 0.8888231 0.8571210 0.8525084 0.8489543 0.7703701 0.8335637 0.8546710 0.8139726 0.8005741 0.7635631 0.6453451 0.6894853 0.6943690 0.6895153 0.6674242 0.6845433 0.7145818 0.7154425 0.6861697 0.6908341 0.7944191 0.7202430 0.6299730 0.7480612 0.7253716 0.7060270 0.7076583 0.6659008 0.6859998 0.6977285 0.6627386 0.6928311 0.6881873 0.6554049 0.6514245 0.6695178 0.6921387 0.6738880 0.6871280 0.6608691 0.6883563 0.6323261 0.6832399 0.6361995 0.9846869 0.9596981 1.0285145 0.9530889 0.8689343 0.7752257 1.0773916 1.0311292 0.9063342 0.9000102 0.8623735 0.9356939 0.9085604 0.9529273 0.9616574 0.7298954 0.7697504 0.7865663 0.7674313 0.7818533 0.7716558 0.7674163 0.7919349 0.8000454 0.7756579 0.7675816 0.7697818 
XP_004590029.1 0.3601796 0.2938870 0.2644348 0.3135972 0.2859779 0.2741832 0.2668590 0.2826233 0.2628523 0.2556173 0.1632146 0.0000000 0.3276187 0.2670818 0.2689907 0.2503037 0.2443029 0.2473627 0.2425106 0.2452698 0.2607384 0.2577770 0.2519282 0.2535574 0.2779248 0.3121744 0.3097778 0.2850927 0.2727062 0.2804951 0.2749620 0.2799824 0.2831377 0.2782035 0.2699130 0.2711793 0.2993731 0.2536610 0.2450284 0.2640050 0.2540356 0.2623740 0.2771746 0.2531095 0.2507162 0.2407437 0.2428785 0.2439098 0.2434822 0.2365522 0.2285310 0.2382151 1.0845866 1.5065672 1.1356227 1.0944966 1.1347290 1.2137371 1.2020725 1.1487693 1.1318676 1.3384371 1.2992906 1.2819309 1.2992578 1.3275278 1.2310974 1.2836956 1.3168836 1.2201171 1.2500369 1.3871483 1.2099553 1.1563622 1.3574570 1.3741334 1.3346892 1.3449699 1.3701560 1.2695511 1.3747666 1.3033723 1.5886446 1.2382728 1.2944715 1.2794770 0.9411445 0.9193332 0.8080999 0.8057695 0.8366489 0.8267403 0.9018101 0.9256571 0.8351815 1.0028319 0.8498504 0.8590371 0.8482456 0.8305765 0.8402472 0.8223888 0.8171712 0.8935062 0.8569167 0.8313177 0.8190480 0.9911860 0.8672584 1.1733489 1.0500846 1.0935838 0.8270035 0.8050608 0.9225897 0.8459576 0.8873391 0.8215900 0.8627496 0.8943546 0.7991768 0.8135495 0.7966664 0.7940292 0.8744143 0.7891518 1.2232316 0.8014721 0.7977293 0.9328610 0.8915366 0.8647786 0.8367895 0.8708691 0.8835191 0.8933454 0.8111710 0.7281830 0.7707423 0.6333191 0.7907698 0.5547522 0.7577779 0.8565614 0.8334346 0.8386505 0.8254946 0.7694025 0.8134501 0.8350895 0.7968439 0.7809413 0.7217396 0.5925553 0.6405940 0.6441257 0.6405141 0.6194628 0.6358173 0.6528988 0.6460474 0.6326635 0.6371392 0.8075511 0.7159157 0.6335097 0.7425971 0.7084414 0.7218510 0.7229804 0.6748168 0.6799199 0.7080727 0.6820426 0.6883232 0.6870071 0.6768957 0.6506279 0.6718738 0.6802340 0.6696077 0.6933579 0.6716453 0.6869905 0.6382630 0.6674740 0.6507190 0.9819589 0.9543621 1.0451521 0.9839091 0.8566575 0.7770515 1.0346697 0.9905343 0.8684994 0.8504096 0.8667378 0.8867442 0.8652675 0.9110563 0.9193733 0.7315752 0.7734829 0.7295324 0.7223100 0.7401787 0.7303787 0.7262650 0.7481694 0.7559198 0.7286141 0.7245980 0.7307285 
XP_037696214.1 0.3525497 0.2650216 0.2986349 0.3168949 0.2873207 0.2946579 0.2796047 0.3082836 0.2900034 0.2947547 0.2962453 0.3276187 0.0000000 0.2645442 0.2590617 0.2520758 0.2464553 0.2467284 0.2467736 0.2471393 0.2704635 0.2570173 0.2586662 0.2578354 0.2527709 0.3255951 0.2990078 0.2871343 0.2608332 0.2528536 0.2563988 0.2610963 0.2641923 0.2590306 0.2526211 0.2515358 0.2958399 0.2594174 0.2568290 0.2818241 0.2702837 0.2832306 0.2873183 0.2304851 0.2634717 0.2528435 0.2582093 0.2621095 0.2471737 0.2283304 0.2362113 0.2474082 1.1523761 1.5521901 1.1598193 1.1265769 1.1453591 1.2879758 1.2636616 1.2100663 1.1934263 1.3480965 1.2629504 1.2866611 1.3150461 1.3002766 1.2691487 1.2166905 1.3083737 1.2509571 1.2488563 1.3336840 1.2376590 1.1790687 1.3078622 1.3566055 1.3704959 1.3722393 1.3529807 1.2296592 1.3288155 1.2721201 1.5383898 1.2899479 1.2827591 1.2332502 1.0253876 0.9549260 0.7315347 0.7286787 0.7466870 0.7374793 0.8793358 0.8468176 0.8231023 0.9995835 0.8490227 0.8767360 0.8924554 0.8694496 0.8754124 0.8552910 0.8506047 0.9127606 0.8880862 0.8627440 0.8475833 0.9698610 0.8591367 1.2270841 1.1313781 1.1061078 0.7463178 0.7510285 0.9717010 0.8564643 0.9393160 0.8423064 0.9147979 0.8610341 0.8816659 0.8580473 0.8438800 0.8341788 0.8898594 0.7931466 1.2939737 0.8559263 0.8049392 0.9589767 0.9427507 0.8996788 0.8433794 0.8648463 0.9332783 0.9375611 0.8562206 0.7742850 0.8360939 0.6075238 0.8003779 0.5916367 0.7977890 0.8936356 0.8685967 0.8427145 0.8570444 0.7927219 0.8301779 0.8623110 0.7743362 0.7936843 0.7611318 0.6473980 0.6616633 0.6682459 0.6674206 0.6420273 0.6578371 0.6899476 0.6866101 0.6601220 0.6616580 0.8132804 0.7228355 0.6218825 0.7602649 0.7434419 0.7097044 0.7098702 0.6647178 0.6969425 0.7283112 0.6783268 0.6721917 0.6811803 0.6520604 0.6717102 0.6533374 0.6770329 0.6546982 0.6856784 0.6537705 0.6604642 0.6276299 0.6566868 0.6512238 1.0105469 0.9659221 1.0781710 1.0116703 0.9075968 0.7848688 1.1024867 1.0558190 0.9181946 0.9037893 0.8935500 0.9437948 0.9086841 0.9651589 0.9662024 0.7655629 0.8127987 0.7946525 0.7906781 0.8122301 0.7970830 0.7970720 0.8076769 0.8122683 0.7876153 0.7967841 0.7965291 
XP_012642053.1 0.3411535 0.2659922 0.2602797 0.2793879 0.2737910 0.2713410 0.2428427 0.2712026 0.2579463 0.2634284 0.2559212 0.2670818 0.2645442 0.0000000 0.2024991 0.1895434 0.1864440 0.1903503 0.1881392 0.1907213 0.2010863 0.1955776 0.1951955 0.1923241 0.2322526 0.2918347 0.2673050 0.2533714 0.2362464 0.2371999 0.2406156 0.2302289 0.2331933 0.2426790 0.2329122 0.2187786 0.2632526 0.2332209 0.2250123 0.2375429 0.2357998 0.2429594 0.2476478 0.2172082 0.2323457 0.2247269 0.2235602 0.2319632 0.2259110 0.2134207 0.2149343 0.2260832 1.1613595 1.5498937 1.1634179 1.1090827 1.1486884 1.2697009 1.2414482 1.1689335 1.1676332 1.2563010 1.2375421 1.2318196 1.2750580 1.2571772 1.1976412 1.2346076 1.2572651 1.1870824 1.1988944 1.2777273 1.1884888 1.1509345 1.3538083 1.3051079 1.3232195 1.3312477 1.3572195 1.2312112 1.2897088 1.2644187 1.6120181 1.2337180 1.2550667 1.2081422 1.0039403 0.9355327 0.8190957 0.8107508 0.8315759 0.8216229 0.9959054 0.8998593 0.8724890 1.0243657 0.8948655 0.8779337 0.8871502 0.8690626 0.8721698 0.8665474 0.8573994 0.8912831 0.8817321 0.8460956 0.8272300 0.9903789 0.9141282 1.2649783 1.1112304 1.1178062 0.8180973 0.8036890 0.9779405 0.8640693 0.9209268 0.8692049 0.9313056 0.8877772 0.8463370 0.8490650 0.8467767 0.8412609 0.8961449 0.8147089 1.3325826 0.8418826 0.8205377 0.9994699 0.9376591 0.9101904 0.8628393 0.8826613 0.9193715 0.9335323 0.8477471 0.7706524 0.8606214 0.6561269 0.8211297 0.3166312 0.8140339 0.9278482 0.8833483 0.8879100 0.8936827 0.8266907 0.8632249 0.8977569 0.8119148 0.7767638 0.7464929 0.6496121 0.6495401 0.6561408 0.6490032 0.6286600 0.6436016 0.6932755 0.6910127 0.6619249 0.6665261 0.8494201 0.7025916 0.6606621 0.7533819 0.7342164 0.7114147 0.7129499 0.6697397 0.6981541 0.7302906 0.6774523 0.6771090 0.6689270 0.6501502 0.6455782 0.6571596 0.6619758 0.6456748 0.6917632 0.6579024 0.6820862 0.6565410 0.6573166 0.6832663 1.0554428 1.0185492 1.1224266 1.0417948 0.9174554 0.8326698 1.0662581 1.0303003 0.9218958 0.9023837 0.8938372 0.9396385 0.9182088 0.9754164 0.9844531 0.7459713 0.8374033 0.7950613 0.7911142 0.8040226 0.7986639 0.7942938 0.8059463 0.8214035 0.7986171 0.7910117 0.7976292 
XP_035121485.1 0.3265943 0.2428848 0.2396929 0.2680787 0.2481814 0.2472338 0.2271617 0.2553797 0.2439142 0.2409779 0.2212153 0.2689907 0.2590617 0.2024991 0.0000000 0.0915775 0.0826824 0.0846794 0.0847016 0.0852363 0.1078140 0.0992364 0.0911775 0.0864607 0.2147048 0.2736819 0.2473713 0.2275679 0.2186793 0.2221481 0.2147572 0.2162188 0.2190889 0.2121305 0.2096747 0.2070530 0.2349849 0.1856898 0.1940624 0.2005254 0.2124021 0.2242136 0.2246977 0.1843883 0.1944408 0.1797102 0.1856565 0.1916505 0.1894702 0.1925303 0.1825879 0.1931410 1.1140245 1.6251134 1.1972194 1.1575301 1.1775364 1.2985073 1.2853142 1.2411494 1.2104379 1.3374815 1.2720219 1.2661305 1.3068234 1.3130105 1.2839394 1.2456871 1.3512063 1.2364336 1.2504199 1.3304731 1.2327961 1.1646856 1.3419844 1.3935083 1.4036127 1.4145190 1.4297590 1.2978828 1.3989122 1.3003282 1.6309940 1.2815391 1.3266106 1.2896195 1.0123500 0.9416761 0.7861142 0.7664472 0.7798269 0.7703142 0.9550724 0.9031553 0.8682231 1.0551886 0.8975937 0.8164808 0.8590638 0.8319169 0.8288439 0.8269334 0.8184314 0.8469442 0.8291926 0.8099238 0.7994498 0.9726153 0.8700928 1.1287836 1.0489874 1.0819530 0.8746149 0.8428183 0.9441556 0.8640990 0.8776488 0.8183356 0.8796028 0.8898638 0.8546470 0.8193586 0.8271063 0.8227008 0.8663416 0.7669653 1.2495922 0.7936924 0.7728778 0.9594039 0.8955824 0.8770641 0.8505053 0.8719410 0.9226019 0.9148391 0.8465587 0.7232998 0.8175705 0.5977930 0.7825058 0.4834261 0.7812176 0.9387344 0.8991711 0.8933702 0.8984846 0.8326935 0.8813832 0.9101305 0.8145936 0.7619230 0.7733203 0.6388049 0.6664108 0.6692801 0.6658548 0.6452963 0.6612835 0.7028279 0.7003013 0.6732848 0.6779141 0.8380110 0.7241545 0.6503876 0.7477483 0.7291770 0.7045904 0.7115159 0.6464892 0.6889495 0.7005167 0.6800736 0.6468255 0.6545221 0.6868254 0.6533078 0.6764160 0.7032181 0.6796800 0.6755260 0.6564256 0.6560306 0.6353632 0.6791192 0.6328934 0.9990517 0.9642558 1.0660777 0.9782123 0.8669152 0.7825347 1.0878471 1.0485157 0.9255931 0.9428285 0.9346497 0.9541986 0.9307899 0.9720557 0.9809922 0.7863930 0.8132441 0.8423894 0.8074551 0.8273902 0.8186987 0.8186966 0.8151964 0.8307388 0.8026488 0.7992237 0.7951323 
XP_023065387.2 0.3085640 0.2357590 0.2332593 0.2435961 0.2349298 0.2318710 0.2014396 0.2432385 0.2238006 0.2297006 0.2185871 0.2503037 0.2520758 0.1895434 0.0915775 0.0000000 0.0102495 0.0185401 0.0144014 0.0164781 0.0484241 0.0380994 0.0356539 0.0355550 0.2107600 0.2577478 0.2300723 0.2205321 0.2076753 0.2111935 0.2037860 0.2031141 0.2059615 0.1957207 0.1861187 0.1886013 0.2422046 0.1903079 0.1948357 0.2092999 0.2066805 0.2239290 0.2162632 0.1865415 0.2034284 0.1883992 0.1944203 0.2005705 0.1840016 0.1869193 0.1770742 0.1876638 1.0833318 1.5286588 1.1475433 1.1175658 1.1269933 1.2492579 1.2364388 1.1630521 1.1514093 1.2503321 1.2016768 1.1860190 1.2337860 1.2198323 1.1875496 1.1683070 1.2643540 1.1660121 1.1800709 1.2590494 1.1647900 1.1103926 1.2813425 1.3007070 1.3053905 1.3154352 1.3350982 1.2351622 1.3123010 1.2212871 1.5755638 1.1976885 1.2645328 1.2344669 1.0020654 0.9156556 0.7215577 0.8074251 0.8040104 0.7942778 0.9805522 0.9577159 0.8788012 1.0071582 0.8590467 0.7998281 0.8264779 0.8011163 0.7997686 0.8024228 0.7940662 0.8440980 0.8250719 0.8002013 0.7762245 0.9745155 0.8465959 1.1653060 1.0589972 1.0776290 0.8474609 0.8264690 0.9414412 0.8374619 0.8272934 0.8082661 0.8596779 0.8475682 0.8409573 0.8197153 0.8151770 0.8107426 0.8228794 0.7596169 1.2740171 0.7756384 0.7574832 0.9539161 0.8758888 0.8580188 0.8354584 0.8496590 0.8983036 0.8975914 0.8145850 0.7211923 0.7864125 0.6002306 0.7771703 0.4469181 0.7663159 0.9387788 0.9002459 0.9019842 0.9069999 0.8205373 0.8778580 0.9120837 0.7808501 0.7778586 0.7613160 0.6134061 0.6406159 0.6433969 0.6400912 0.6202148 0.6355956 0.6752397 0.6704770 0.6451079 0.6496482 0.8122190 0.7328003 0.6435447 0.7685781 0.7495650 0.7092048 0.7124789 0.6621663 0.6906554 0.6925507 0.6879341 0.6480953 0.6448602 0.6728343 0.6499479 0.6709098 0.6970237 0.6581690 0.6665377 0.6399781 0.6573225 0.6322657 0.6553055 0.6490363 1.0118661 0.9506292 1.0706119 0.9969759 0.8748660 0.7822601 1.0692484 1.0266597 0.9112196 0.8987491 0.9148064 0.9221194 0.9196893 0.9608360 0.9696760 0.7490932 0.7964337 0.7750443 0.7693673 0.7845833 0.7801890 0.7751418 0.7759596 0.7909037 0.7638417 0.7575237 0.7566485 
XP_010362845.1 0.3042656 0.2294705 0.2303495 0.2398119 0.2314697 0.2284024 0.1955072 0.2369470 0.2176265 0.2234931 0.2128607 0.2443029 0.2464553 0.1864440 0.0826824 0.0102495 0.0000000 0.0122948 0.0081859 0.0102444 0.0418836 0.0336048 0.0292066 0.0291257 0.2052264 0.2510498 0.2238555 0.2143933 0.2016351 0.2051560 0.1977920 0.1971504 0.1999705 0.1898121 0.1803157 0.1827792 0.2317660 0.1848265 0.1893417 0.2023646 0.2029339 0.2182557 0.2101351 0.1793633 0.1972368 0.1823201 0.1883267 0.1944080 0.1782034 0.1810999 0.1713130 0.1818125 1.0950231 1.5284391 1.1549907 1.1249052 1.1444632 1.2589750 1.2430237 1.1628612 1.1632423 1.2758116 1.2083329 1.2085281 1.2519190 1.2377976 1.2048294 1.1846353 1.2858811 1.1803626 1.1971803 1.2647243 1.1672031 1.1178682 1.2758261 1.3192510 1.3238831 1.3341039 1.3456889 1.2521249 1.3303184 1.2357292 1.5857884 1.2142255 1.2818379 1.2342161 0.9910922 0.9197909 0.7122471 0.7962540 0.7928766 0.7832407 0.9739663 0.9486149 0.8682537 1.0012049 0.8540150 0.7918864 0.8121448 0.7870842 0.7857483 0.7836858 0.7754541 0.8308487 0.8150305 0.7813940 0.7638353 0.9605725 0.8388468 1.1551763 1.0367652 1.0539951 0.8409878 0.8219081 0.9236906 0.8443152 0.8106671 0.7934708 0.8404875 0.8518208 0.8247352 0.8009927 0.7965662 0.7921179 0.8201265 0.7478290 1.2581888 0.7629318 0.7450472 0.9239605 0.8618074 0.8441687 0.8171830 0.8473046 0.8834588 0.8803118 0.8178096 0.7072886 0.7688346 0.5844895 0.7609396 0.4475673 0.7523251 0.9411392 0.9024406 0.9014671 0.9066262 0.8225343 0.8728010 0.9068780 0.7836216 0.7616163 0.7559494 0.6041953 0.6407368 0.6435202 0.6402115 0.6203186 0.6357122 0.6656160 0.6609009 0.6357166 0.6402244 0.8051251 0.7186674 0.6276196 0.7610280 0.7421953 0.7020973 0.7053515 0.6567447 0.6809612 0.6863938 0.6810463 0.6366981 0.6335127 0.6579542 0.6448520 0.6637384 0.6899141 0.6647303 0.6544513 0.6260490 0.6459699 0.6221995 0.6451794 0.6345603 1.0085031 0.9473567 1.0661444 0.9913074 0.8757748 0.7769235 1.0672413 1.0247504 0.9205554 0.9079871 0.9120125 0.9202342 0.9179165 0.9596067 0.9684432 0.7587973 0.7952454 0.7775809 0.7718979 0.7877626 0.7827442 0.7776893 0.7767350 0.7916988 0.7646082 0.7582804 0.7574047 
XP_028688313.1 0.3054831 0.2280039 0.2306391 0.2411277 0.2317613 0.2286919 0.2009649 0.2347476 0.2207968 0.2212881 0.2155474 0.2473627 0.2467284 0.1903503 0.0846794 0.0185401 0.0122948 0.0000000 0.0081646 0.0102177 0.0418652 0.0335905 0.0334677 0.0333748 0.2037456 0.2521814 0.2223855 0.2129075 0.2001248 0.2036601 0.1962784 0.1956419 0.1984661 0.1882882 0.1787815 0.1812502 0.2339321 0.1819631 0.1864681 0.2006769 0.2052311 0.2129858 0.2093731 0.1782830 0.1943102 0.1794442 0.1854455 0.1914946 0.1753537 0.1782373 0.1684826 0.1789351 1.1039384 1.5582246 1.1612074 1.1383052 1.1530607 1.2683761 1.2522871 1.1660884 1.1717504 1.2864952 1.2180636 1.2142899 1.2621628 1.2504948 1.2170644 1.1888290 1.2930157 1.1914623 1.2093002 1.2678643 1.1768931 1.1269100 1.2851774 1.3327708 1.3373610 1.3476999 1.3888280 1.2649512 1.3510624 1.2612686 1.5877115 1.2267570 1.2949030 1.2467760 1.0089625 0.9347995 0.7287274 0.8138381 0.8104036 0.8006198 0.9891759 0.9610091 0.8866952 1.0152191 0.8656124 0.7980000 0.8206918 0.7954699 0.7941282 0.7896208 0.7838088 0.8369734 0.8181255 0.7861201 0.7684858 0.9619732 0.8407273 1.1598683 1.0655880 1.0925790 0.8464824 0.8216636 0.9322422 0.8506193 0.8256820 0.8001351 0.8577047 0.8724095 0.8407511 0.8165864 0.8105836 0.8061515 0.8300226 0.7576253 1.2687581 0.7739435 0.7558278 0.9387202 0.8773979 0.8546733 0.8333730 0.8619119 0.8748682 0.8717856 0.8353363 0.7165083 0.7828417 0.5989951 0.7743109 0.4485335 0.7653267 0.9446534 0.9027168 0.9003160 0.9054623 0.8319650 0.8717667 0.9014237 0.7929188 0.7676925 0.7668855 0.6141964 0.6399608 0.6427401 0.6394367 0.6195661 0.6349420 0.6745770 0.6698160 0.6444511 0.6489906 0.8061678 0.7365724 0.6375718 0.7678970 0.7488926 0.7085404 0.7118139 0.6628649 0.6899933 0.6978660 0.6822338 0.6515981 0.6483582 0.6757865 0.6452505 0.6740382 0.7004498 0.6730324 0.6626993 0.6365578 0.6520304 0.6306393 0.6598148 0.6355255 1.0218630 0.9599927 1.0773479 1.0011195 0.8924807 0.7855708 1.0657960 1.0234538 0.9200109 0.9128400 0.9267879 0.9330472 0.9183227 0.9595233 0.9683693 0.7650012 0.8094373 0.7836693 0.7779768 0.7939085 0.7888718 0.7838033 0.7845819 0.7996281 0.7724599 0.7660831 0.7652087 
